word|s    nlet|f    frq|f Lev|f bi|f
abismo  6   16.43   2   9390.778771
abrir   5   49.11   3.344434    10721.49526
abuelo  6   80.296284   1.8 8433.872543
acatar  6   0.916535    1.3 26852.44755
acceso  6   41.181406   1.85    25159.69497
acción  6   67.633396   1.9 13490.72917
acecho  6   1.934668    1.6 7020.423669
aceite  6   22.68   2.45    11110.82618
acidez  6   1.184579    1.9 13342.5293
actriz  6   17.86   2.7 11477.26528
actuar  6   43.602443   1.65    18618.31489
adorno  6   1.878465    1.7 9193.503148
agonía  6   4.699406    1.85    4837.84145
agosto  6   24.11   2.05    15882.20996
aguja   5   8.93    1.9 3285.669246
ahogo   5   4.46    0.307211    12649.99373
ahorro  6   2.782031    1.65    20042.86367
aislar  6   2.481563    1.75    23479.20155
alcoba  6   1.720666    1.9 23511.89186
alejar  6   4.167642    1.45    33204.65177
alumna  6   3.921215    1.85    20045.76885
amador  6   1.117568    1.55    11096.33882
amante  6   33.39   1.95    20644.6816
ámbito  6   1.348863    1.95    10505.7873
amiga   5   52.14   4.363181    9792.995118
amigo   5   158.39  1.9 11249.23584
amparo  6   1.098113    1.65    24601.37381
ángel   5   42.93882    1.85    3722.781065
anhelo  6   3.082499    1.7 7436.740333
anillo  6   14.82   1.95    7736.287475
anotar  6   4.37516 1.4 25529.23836
antojo  6   2.30647 1.75    20322.83058
anular  6   4.182774    1.25    19554.85629
añicos  6   1.938991    1.95    11280.67045
ápice   5   0.678755    1.9 4333.504914
apogeo  6   1.277529    1.95    4037.909294
apurar  6   1.258075    1.45    21274.53622
árbol   5   35  2.8 2400.518729
arder   5   4.066045    1.5 29690.0863
arroyo  6   6.61    2.25    14758.39712
arruga  6   1.152154    1.6 4907.180499
asedio  6   1.236458    1.7 17458.56446
astros  6   0.598774    1.7 45236.49413
ataque  6   56.79   2.45    8138.153711
atasco  6   1.3186  1.75    5699.717754
avance  6   24.46   2.55    11607.86065
avión   5   50.36   4.23505 2727.695892
axilas  6   0.977061    1.75    10888.98563
ayuda   5   105.18  1.9 11913.91851
ayudar  6   162.587762  1.5 23366.84802
azote   5   1.813616    1.45    6331.526166
azufre  6   2.401582    2.2 9080.639609
bailar  6   72.845111   1.45    20611.38817
baile   5   22.86   1.9 6978.500754
barco   5   47.68   4.272776    25706.51435
batida  6   1.437491    1.7 16552.8568
beber   5   29.64   3.620441    36968.62041
bíceps  6   1.126215    2.75    11086.65885
blanco  6   117.234391  1.45    14309.19317
bocado  6   4.46811 1.55    21577.98269
bondad  6   14.82   2   41949.57775
bosque  6   57.702822   1.8 23562.60816
broche  6   3.395937    1.6 7794.066004
bronce  6   3.80881 1.55    10470.19811
brotar  6   0.616067    1.5 26590.59941
bruja   5   9.46    1.8 2951.955234
brujo   5   3.776385    1.6 2937.947803
buey    4   3.906084    1.8 63995.34093
búfalo  6   4.450817    1.9 5676.192536
burro   5   13.93   1.65    12948.0819
busca   5   83.57   3.857197    17857.52334
buscar  6   148.649507  1.6 29310.45285
butaca  6   0.901404    1.95    20485.72965
cabeza  6   352.86  1.95    32923.39628
cabra   5   11.25   1.6 32912.56223
cabrón  6   7.32    2   27759.55144
cactus  6   2.442653    1.9 22823.67533
cadena  6   58.39   1.9 33025.65497
caer    4   52.958022   1.4 22343.4929
calle   5   163.035222  1   26511.37074
callo   5   2.721505    1   26224.05202
calma   5   30.71   1.45    26794.26243
calor   5   63.787839   1.7 36250.15619
calva   5   2.031942    1.2 25839.75561
calvo   5   8.21    1.65    24378.02861
cámara  6   94.310197   1.85    24539.58109
cambio  6   119.46  1.9 30312.2431
camino  6   205.71  1.85    27749.1799
camión  6   57.929794   1.8 26405.12174
camisa  6   30.54   1.95    27670.39677
campo   5   125.303793  1.1 26518.60794
canas   5   1.437491    1   30875.36766
caño    4   2.04275 1   16667.05395
capote  6   1.035426    1.65    23127.57821
captar  6   3.190581    1.4 34677.83122
carbón  6   17.5    1.9 33033.10387
cárcel  6   92.403631   2.05    5471.266938
cariño  6   352.911529  1.7 36235.24952
carmín  6   0.894919    1.95    35647.6379
cartón  6   3.687758    1.85    36180.15364
casado  6   58.554508   1   47605.82682
caseta  6   1.930345    1.4 38028.33877
casual  6   3.996873    1.95    31453.51776
cauce   5   0.611744    1.7 14859.98559
caza    4   25.54   1   14404.6317
cebo    4   4.99555 1   6794.610039
ceder   5   4.837751    1.5 30281.52835
ceja    4   1.75309 1   8977.782209
ceniza  6   2.494533    1.9 22834.64133
censo   5   1.301307    1.35    23678.44402
cerco   5   1.387773    1.3 27900.50128
cerdo   5   13.93   1.6 32805.50047
cerrar  6   44.482231   1.3 45498.71005
chalet  6   1.504502    1.8 9126.900897
chapa   5   1.941153    1   5678.501214
charca  6   0.678755    1.55    8154.05265
charco  6   3.646687    1.6 7556.973033
charla  6   9.64    1.65    8217.501121
chata   5   0.674432    1   13313.18724
chelo   5   1.11973 1.45    7460.116328
chica   5   75.71   1.6 11561.36814
chico   5   334.189564  1.3 9126.462076
chinas  6   2.578837    1.65    12627.73769
chisme  6   2.812294    1.7 8776.306624
chispa  6   7.14    2   7445.881978
chivo   5   3.616424    1.55    5949.802149
chocar  6   4.083338    1.5 22169.23685
chófer  6   4.775063    2.7 10971.42625
chorro  6   1.964931    1.55    18536.41887
choza   5   3.895276    1.45    6009.608231
ciclón  6   0.994354    2   8202.808284
cielo   5   158.878388  1.6 26864.90251
circo   5   14.82   1.75    10055.027
ciudad  6   271.07  2.8 17733.07546
clamor  6   0.663624    1.85    13129.85207
clave   5   45.36   1.7 9614.162615
clavel  6   0.654977    1.8 10940.07594
clavo   5   5.36    1.8 8269.4279
clero   5   1.565027    1.5 17894.04638
cobijo  6   1.039749    1.7 33873.32271
cobro   5   4.537283    1.45    37335.77094
coche   5   122.86  5.468283    41465.64487
cocido  6   2.075175    1.65    51499.36015
cocina  6   65.18   1.7 45050.11982
coger   5   45.305815   1.3 54298.03351
cogida  6   1.482885    1.7 37226.16061
cohete  6   6.43    1.95    33968.18851
colcha  6   0.927344    1.8 37801.5006
colmo   5   3.724506    1.35    38884.32235
color   5   66.537445   1.5 50910.81912
comer   5   205.249892  1.3 70847.7169
comida  6   200.273796  1.6 51954.97561
compás  6   2.758253    2   46989.40505
conejo  6   6.61    1.8 55891.10618
cónsul  6   3.521312    2.8 8071.758893
contar  6   65.13454    1.4 79770.637
copiar  6   2.887951    1.5 44373.99572
copos   5   1.575836    1.05    43879.25013
coraza  6   1.452622    1.85    63049.57846
cordón  6   4.420554    1.85    52895.94614
corral  6   4.293017    1.65    58633.87308
correr  6   61.708341   1.4 65822.46144
coyote  6   3.298663    1.85    38886.30239
creer   5   62.68   5.326126    40772.20349
cruce   5   9.64    1.95    7333.809531
cuadra  6   8.75    1.9 22769.23015
cuarto  6   175.116629  1.65    24385.31546
cuarzo  6   0.717665    1.9 15600.66935
cuello  6   63.649494   1.75    71994.39951
cuenca  6   0.860333    1.75    89205.17512
cuenco  6   1.361833    1.8 88608.0955
cuenta  6   365.36  1.75    98224.06309
cuento  6   47.469617   1.5 97994.25904
cuerda  6   18.21   1.75    80998.39809
cuerno  6   6.43    1.75    78562.78304
cuero   5   21.43   1.3 79164.35888
cuerpo  6   218.59802   1.75    78657.05431
cuesta  6   40.89   1.75    84639.09947
cueva   5   10  1.75    72739.00238
cuidar  6   42.136851   1.55    36705.85377
cúmulo  6   0.626876    1.85    3565.649271
cursi   5   3.408906    1.6 13353.34826
cutis   5   0.981385    1.8 14516.56578
danés   5   1.889273    1.9 12995.35468
deber   5   43.451128   1.4 94021.81347
dejar   5   266.724776  1.4 75863.71645
deje    4   21.25   3.80358 64605.47732
desliz  6   1.100275    1.85    70285.39907
desván  6   2.371319    1.85    68931.05798
devoto  6   2.542089    1.8 69061.12788
diablo  6   15.89   2.35    19923.57347
dicha   5   45.36   1.75    24038.36573
dictar  6   1.160801    1.55    36888.41303
diente  6   6.96    1.95    61296.64367
dinero  6   206.96  1.95    54614.04354
doctor  6   236.37751   1.6 15754.18256
dormir  6   179.132956  1.75    30220.9289
dorso   5   0.903566    1.75    24730.57043
dureza  6   1.716342    1.9 10850.32253
educar  6   2.667464    1.6 16805.26299
efecto  6   42.863162   1.6 8060.408081
elevar  6   2.250267    1.45    42725.53084
elogio  6   2.00384 1.65    25409.87878
eludir  6   1.817939    1.75    27452.54655
emisor  6   1.184579    2.05    8404.476466
emitir  6   3.24246 1.7 10003.88695
empeño  6   3.471594    1.5 9378.01652
encaje  6   3.041428    1.5 32371.60345
encías  6   1.217003    1.85    38472.78291
enero   5   25  1.85    37476.1738
engaño  6   12.32   2.3 30763.78179
enredo  6   1.590967    1.7 40878.82663
entrar  6   235.532309  1.5 54069.95274
enzima  6   1.245105    1.9 27339.81083
esbozo  6   0.568511    1.8 60526.82738
espiar  6   4.251946    1.55    77542.71403
espuma  6   12.86   2   64338.24865
estado  6   416.61  1.8 112265.4592
evitar  6   60.945282   1.45    21945.95018
excusa  6   14.29   2.4 7595.045993
exigir  6   2.20055 1.65    7012.429875
éxito   5   103.04  2   6229.944185
fatiga  6   2.578837    1.75    10640.32355
fauces  6   0.629037    1.8 12856.95582
fiebre  6   26.43   2.3 32926.58897
fijar   5   3.986064    1.25    18385.07586
fluir   5   6.79    0.209032    5802.313424
flujo   5   11.96   1.85    1587.687966
forzar  6   4.779386    1.55    31592.94154
fregar  6   2.053558    1.5 31105.95645
fuerza  6   132.52151   1.7 74397.20306
fulano  6   2.442653    1.8 19775.61147
fulgor  6   0.510147    2   13053.56773
fundar  6   1.208357    1.65    32984.41522
furor   5   0.96193 1.9 23970.23521
futuro  6   133.144062  1.8 16579.77995
gallo   5   8.04    1.6 14987.02297
galope  6   1.428844    1.6 16824.16417
ganar   5   111.123434  1.3 23065.26244
ganas   5   64.11   3.451454    19638.3386
gemido  6   0.674432    1.75    19129.15562
gitana  6   2.481563    1.9 22486.07038
gitano  6   8.57    1.95    21106.25223
gradas  6   1.571512    1.1 28737.44724
grieta  6   4.414069    1.7 20176.83351
grito   5   33.93   1.7 13351.59952
grosor  6   1.139184    1.9 16258.60353
grueso  6   3.467271    1.9 17065.74901
grupo   5   125.416199  1.7 6893.831439
gruta   5   4.82    0.09755 13923.35769
guiño   5   1.156477    1.55    12231.58452
hachís  6   1.835232    1.9 37409.99271
hambre  6   53.57   2.1 47382.1813
hazaña  6   2.308632    1.85    24995.45561
hebreo  6   2.72799 1.9 20082.58599
hedor   5   4.82    0.391124    22475.59936
helada  6   10.18   1.75    29950.07753
helado  6   13.39   1.8 34314.91098
herida  6   22.86   1.9 38551.84467
hiedra  6   1.428844    1.7 39902.10013
hielo   5   30.89   1.85    27496.36947
hierba  6   23.57   1.95    35211.26747
hierro  6   20.18   1.9 40897.20469
higos   5   1.178094    1.65    20882.48781
hijo    4   224.46  1.5 9945.139902
hocico  6   2.911729    1.95    20686.16339
hogar   5   37.68   3.480913    20853.96724
hombro  6   28.93   2   33247.28999
honor   5   42.32   4.005942    39465.6781
huella  6   20  1.9 65056.782
huerto  6   2.777708    1.6 79001.77105
hueso   5   15.18   1.7 68997.35677
huevo   5   20.36   1.75    64729.09672
huida   5   3.080337    1.6 18704.74561
humano  6   82.341196   1.6 14903.81714
humor   5   45.333917   1.8 22518.38686
hundir  6   3.635879    1.7 15301.71453
hurgar  6   0.754412    1.55    19826.36472
imagen  6   163.93  2.9 12157.56141
imitar  6   3.462947    1.55    24588.06026
índole  6   0.726311    2.3 11144.22121
infame  6   3.681273    1.85    12821.12664
ingles  6   4.338412    1.6 17048.05186
inglés  6   59.181383   2.2 7486.596525
jazmín  6   1.580159    2.5 2772.651509
jinete  6   6.96    2.5 16092.33012
joven   5   201.07  2.65    12510.63079
júbilo  6   1.534764    2.05    6083.257495
juego   5   160.18  1.8 70605.37491
jueves  6   33.04   2.95    74521.8324
jugar   5   68.57   4.723381    18267.11518
jugo    4   9.64    1.8 7369.898036
julio   5   42.5    1.9 8935.552457
juncos  6   0.549057    1.85    16980.80312
junio   5   29.46   1.85    10906.98553
jurar   5   3.39    0.562288    28979.9119
labio   5   8.04    1.8 42841.07897
ladrar  6   1.718504    1.45    56048.55126
ladrón  6   12.68   2   39442.61095
lances  6   0.821423    1.5 49725.00152
lapso   5   7.14    0.121313    31603.22417
larvas  6   1.374803    1.75    55583.34671
latir   5   3.04    0.319953    38646.62601
lavabo  6   11.79   2.3 33657.49135
leche   5   53.223903   1.45    23867.61569
lector  6   2.697727    1.7 23231.76285
lengua  6   43.952629   1.8 30437.7565
liar    4   0.734958    1.1 6288.319314
liebre  6   3.026296    1.85    33614.5677
lienzo  6   1.80497 1.9 41841.34846
linaje  6   3.923377    1.95    11369.08585
llama   5   112.68  5.838342    17632.49869
llamar  6   152.706905  1.35    29085.4282
llave   5   22.86   1.9 13367.97175
llegar  6   247.862304  1.25    28783.89234
llevar  6   145.361652  1.35    26675.42853
llorar  6   49.261617   1.45    28823.28832
lluvia  6   59.46   2.7 10770.21857
logro   5   10  1.9 27457.69991
lucha   5   51.591865   1   13468.73444
luchar  6   50.90014    1.3 24921.66394
lucro   5   1.389935    1.6 9352.444225
lumbre  6   0.810615    1.85    19285.58707
lunes   5   40.89   2.25    20630.52273
mancha  6   16.25   1.55    24704.01911
manojo  6   1.822263    1.75    24379.55255
maraña  6   5.18    1.9 44804.99183
marcha  6   64.135863   1.15    32610.61567
marido  6   136.79  1.8 45214.68103
mármol  6   3.491049    2.75    10566.49695
martes  6   29.64   1.9 46110.8236
mascar  6   3.743961    1.3 45843.04414
mechón  6   1.541249    1.9 32006.51073
medida  6   81.07   1.8 27012.39999
mella   5   0.838716    1   33203.57507
mentón  6   2.390774    1.8 43157.57989
merced  6   4.818296    1.85    40788.75964
mezcla  6   42.5    2.45    18576.00487
miedo   5   149.82  2   44392.17243
migas   5   2.040588    1   27058.89249
mimbre  6   6.07    2.15    30787.58128
minero  6   2.217843    1.65    55241.3277
miope   5   0.721988    1.95    17356.36208
mitad   5   86.25   1.95    30117.9375
mocos   5   2.289177    1   23686.44213
molino  6   8.57    1.9 18242.73407
montón  6   81.48951    1.55    36202.32565
morir   5   230.022288  1.7 30120.96607
mosca   5   10.71   1.85    26845.08478
motivo  6   78.93   1.9 9526.086661
movida  6   4.424877    1.8 14768.41632
mudo    4   11.25   1.5 16670.39363
muerto  6   362.202258  1.55    86396.70952
multas  6   4.241138    1.45    24495.82509
musgo   5   3.04    0.152409    19588.87588
muslo   5   7.5 1.85    16502.59637
naipes  6   2.31944 1.95    13863.47808
nalgas  6   4.269239    1.75    22160.63766
náusea  6   0.890596    2.55    3416.573969
navaja  6   13.39   2.3 7950.240106
negro   5   130.36  1.95    10818.95279
nevera  6   9.46    1.95    39074.36718
nieto   5   14.64   1.8 27786.36213
nieve   5   39.29   2.3 28192.10413
niña    4   157.951044  1.2 4923.920082
niño    4   272.401243  1.15    6568.733667
noche   5   405.71  1.85    48634.94238
noción  6   4.511343    1.75    49495.54102
nombre  6   272.5   2.2 65458.27652
novia   5   31.07   4.386271    42037.04171
nuca    4   17.68   1.8 10698.01985
nudo    4   9.64    1.55    11867.82369
obrero  6   4.347058    1.8 37721.87428
oferta  6   31.96   2.2 19840.36986
oídas   5   0.642007    1.65    14022.54228
oírse   5   1.011648    1.85    4384.789786
ojeada  6   3.000356    1.65    9032.244755
ojeras  6   0.743604    1.7 21885.19935
oleaje  6   0.797645    1.95    6521.58623
olfato  6   3.328926    1.9 7849.222364
olivo   5   0.763059    1.7 3215.915308
opción  6   25.18   2.2 9630.078713
opinar  6   2.176772    1.55    15489.43155
optar   5   0.784675    1.65    22817.15366
origen  6   102.14  2.75    14115.78903
padre   5   383.57  1.9 35263.89918
parche  6   3.352704    1.4 39084.92889
parir   5   1.420198    1.55    44557.0474
parque  6   43.634868   1.4 43932.81326
partir  6   56.267493   1.7 45504.15061
pastor  6   9.82    1.75    49182.62229
pavor   5   1.124053    1.8 30828.16173
pecado  6   29.64   1.55    38676.98648
pecas   5   1.781191    1   33654.53238
pecho   5   68.04   1.6 32976.92505
pedazo  6   11.79   1.95    22864.62756
pedido  6   58.558831   1.45    30569.80683
pedir   5   70.218718   1.65    23306.6441
peine   5   3.155995    1.55    20995.80754
pelear  6   60.770189   1.5 40885.55801
pensar  6   230.651325  1.5 47901.20644
pepita  6   0.542572    1.6 24988.63155
percha  6   0.80413 1.7 39231.33249
perder  6   143.09193   1.75    55949.12659
pesca   5   16.25   1.75    31424.83108
petate  6   0.559865    1.9 33178.204
piedad  6   19.64   2.65    42378.48368
piedra  6   48.105139   1.85    39337.86452
piel    4   62.743766   1.5 24869.38225
pierna  6   24.64   1.95    35357.05284
pincel  6   1.521795    1.85    14722.97221
pintor  6   19.82   1.85    25023.27396
piojos  6   3.274885    1.8 10550.42514
pleito  6   6.07    2   13229.52093
plomo   5   13.93   1.8 4917.108848
polvo   5   42.37247    1.7 29319.09039
posar   5   1.962769    1   52210.33426
prado   5   4.597809    1.45    27241.12104
prenda  6   3.571029    1.3 47705.45896
prensa  6   53.018547   1.45    42643.34522
prever  6   1.530441    1.55    34037.4041
prior   5   1.746605    1.8 23046.6594
prole   5   0.557703    1.75    17776.35811
púas    4   1.932506    1.65    2744.40323
pubis   5   0.55338 1.9 13623.05177
pudor   5   0.83007 1.85    24779.70885
pueblo  6   179.545829  1.85    70773.96341
puerto  6   54.46   1.7 85561.17724
puesto  6   142.192688  1.55    84420.52295
pulgas  6   3.925538    1.55    18300.13857
pulmón  6   10.89   2.45    10990.81823
pureza  6   4.775063    1.8 17600.38538
quedar  6   64.786516   1.45    138939.1905
queja   5   13.04   1.8 115137.481
querer  6   49.045453   1.85    138658.8626
queso   5   11.07   1.85    122183.5719
quicio  6   3.186258    1.85    73319.07213
ración  6   2.97874 1.9 18994.48327
ranura  6   1.130538    1.85    22356.87143
rápido  6   334.833733  1.9 13751.20676
rapto   5   1.599614    1.4 8513.669488
rareza  6   1.242943    1.9 27944.65063
rasgo   5   1.616907    1.55    22883.10527
rato    4   72.5    3.748821    14183.13275
recado  6   6.96    1.7 34421.53884
recto   5   6.25    1.65    24916.57793
rector  6   2.492371    1.6 26738.34346
refrán  6   1.413713    1.95    12233.46129
regalo  6   29.29   1.8 23473.59228
regazo  6   3.616424    1.7 18900.60147
regla   5   26.25   1.9 18687.7102
reja    4   2.937669    1   16897.15656
relato  6   4.351382    1.2 33773.52649
reloj   5   50.71   2.1 26904.99485
rendir  6   4.331927    1.75    36524.70427
reojo   5   0.603098    1.8 11595.85303
repaso  6   1.415874    1.35    20367.79534
repisa  6   1.76606 1.55    16148.87037
reposo  6   3.754769    1.45    26288.15798
reptil  6   1.668786    2   16096.67329
resto   5   127.86  4.719244    33534.59648
retina  6   1.065689    1.3 20408.70439
rico    4   30.89   3.34209 8403.750112
rienda  6   1.227812    1.7 47409.10443
riesgo  6   49.10814    1.9 27952.2075
rincón  6   40.36   2.85    11348.35357
rival   5   21.96   1.95    6280.662778
rizos   5   1.92386 1.65    13076.21516
robar   5   45.521979   1.05    16453.61368
robo    4   12.68   1.35    6001.690127
roce    4   9.29    1.85    17324.37194
rocío   5   2.330248    1.75    7516.738268
rojo    4   63.75   3.454888    6000.261236
romana  6   3.862851    1.3 29153.72511
romero  6   2.555059    1.4 50803.45895
ropero  6   1.625553    1.65    37756.00008
rueda   5   22.86   1.8 73324.29454
rugido  6   1.802808    1.6 14027.75186
ruido   5   55.839488   1.6 15370.47191
ruso    4   22.86   1.55    8403.222604
saber   5   210.18  1.85    50934.49314
sabio   5   16.61   1.8 23142.98847
salida  6   73.599523   1.25    28056.88076
salir   5   385.027017  1.3 25158.55148
salita  6   0.600936    1.4 29098.18614
saliva  6   4.984742    1.45    21787.19703
salud   5   79.64   1.8 18658.37421
saludo  6   13.57   1.65    26395.78348
salvar  6   81.729452   1.3 33201.90003
sangre  6   184.46  2.65    32063.00521
sastre  6   4.608617    1.7 44793.2197
seguir  6   181.242717  1.7 33747.56259
semana  6   147.86  1.95    36986.85828
sentir  6   106.341886  1.65    52798.76945
señal   5   97.051157   1.55    26769.46178
sequía  6   2.546412    1.85    25011.22694
sereno  6   2.241621    1.6 57947.97798
sigilo  6   0.881949    1.8 21113.74877
signo   5   34.29   1.85    20015.1297
sillón  6   28.39   1.85    19937.77973
sitio   5   92.32   4.869723    19837.48186
situar  6   0.564188    1.6 28604.87823
sombra  6   73.04   1.85    38315.18836
sonido  6   37.32   1.95    43851.59834
soplo   5   3.201389    1.6 12224.66734
sorbo   5   7.32    1.8 27619.6371
sordo   5   13.57   1.7 35614.3356
subida  6   2.916053    1.7 21259.02615
subir   5   58.223777   1.7 18360.69687
suceso  6   3.975256    1.85    34767.65356
sueco   5   7.5 0.49995 72949.37324
suegra  6   4.630233    1.9 83514.93639
sueldo  6   16.07   1.9 79997.9499
tacha   5   0.609583    1   21706.11816
tachar  6   0.706856    1.2 33159.04767
tacto   5   18.39   1.65    19310.53885
tapete  6   1.703372    1.9 16177.97218
techo   5   40.18   1.65    35892.64252
tejado  6   11.07   1.85    35930.48188
tejas   5   3.13654 1   30908.02778
tejer   5   1.668786    1.5 47289.07075
telón   5   3.549413    1.55    29338.38087
tercio  6   4.563222    1.65    47306.24083
tesoro  6   15.54   2.35    44944.60608
tiempo  6   743.93  2.45    36284.2256
tienda  6   100.918331  1.6 54980.9861
tierra  6   256.459147  1.7 47897.62878
toalla  6   9.29    1.9 13317.16247
tocar   5   69.06224    1.25    27259.78686
tomar   5   111.96  5.662831    37163.97662
toque   5   41.829898   1.4 14506.78863
tórax   5   1.954123    1.95    14473.58796
torso   5   2.371319    1.2 30148.50961
traer   5   17.5    3.216339    42843.85468
tratar  6   63.063689   1.3 39828.33885
trecho  6   1.340217    1.85    18855.80549
trepar  6   3.125732    1.5 31341.29213
trote   5   0.940313    1.3 17316.27463
truco   5   9.11    1.85    9695.364706
tumba   5   22.68   1.65    14768.20441
turno   5   15.36   1.8 11383.02621
umbral  6   3.70289 2.2 12183.73893
unidad  6   52.160376   1.85    39614.7835
urraca  6   0.596613    1.95    18273.50286
útero   5   4.180612    1.8 12696.2832
utopía  6   1.242943    2.45    3327.22678
vaciar  6   3.16248 1.55    35513.8541
vacuna  6   16.96   2.1 23372.95028
valido  6   2.144347    1.45    30854.16409
valle   5   22.32   1.8 20853.03553
valor   5   68.690438   1.5 30591.82098
vasija  6   1.493693    1.9 25735.23163
vejez   5   3.104115    1.9 18669.5692
vello   5   2.287015    1.3 27481.35474
vender  6   50.941211   1.35    49977.99769
veneno  6   11.25   1.95    43881.85046
venir   5   51.07   5.975559    35203.46397
verano  6   59.693692   1.75    56184.63724
verdad  6   311.25  2   51007.13513
vereda  6   1.411551    1.8 45479.40628
verja   5   2.064366    1.45    34832.18285
verso   5   3.093307    1.45    36708.56216
vicio   5   3.78287 1.55    18781.13151
vidrio  6   18.39   2.3 17282.62639
vieja   5   84.096448   1.6 27800.20957
viejo   5   167.5   6.110847    27786.20214
viento  6   70.54   1.9 57295.02402
virgen  6   29.64   2.8 19803.8467
virtud  6   25.18   2.9 14245.72521
viuda   5   31.43   1.9 15570.81269
viudo   5   1.89792 1.9 13212.29038
vivir   5   218.684485  1.65    15508.82553
volar   5   17.14   3.285442    26940.38286
volcán  6   5.54    2.95    11350.19957
volver  6   314.066856  1.75    22374.86911
vuelo   5   49.29   1.75    64541.81223
yanqui  6   4.20439 2   15378.71429
zombi   5   3.318118    1.9 20430.2814
quizás  6   293.371313  2.25    66497.81987
manos   5   286.062808  1   35051.57423
feliz   5   283.799571  1.8 16029.25121
único   5   264.636631  1.75    6673.296606
cerca   5   262.650084  1.15    30335.40735
cinco   5   257.68912   1.55    13994.99662
grande  6   253.467437  1.65    29518.15817
cuatro  6   240.638103  1.8 23205.23944
último  6   171.482911  2.1 11165.60204
venido  6   162.959564  1.55    42466.6267
piensa  6   159.786277  1.75    44287.40642
anoche  6   156.660545  1.85    6732.704956
jamás   5   151.319132  1.7 13581.32993
detrás  6   143.357812  1.95    65913.36917
sucede  6   140.238565  1.7 30045.99601
viste   5   124.92983   1.25    28355.76858
siente  6   124.229458  1.45    62526.90004
conoce  6   122.59742   1.7 58361.41991
vuelto  6   122.590935  1.7 69052.72285
veras   5   121.553348  1   55061.84671
llegó   5   114.925759  1.65    13872.39046
fuiste  6   113.501238  1.8 24618.28622
supone  6   112.692785  1.7 21528.43791
ambos   5   108.572699  1.65    16318.47222
llevo   5   108.570537  1.6 13760.77202
ellas   5   106.947145  1.5 38107.91713
